Name: Nguyễn Thanh Phú | DOB: unknown | Phone: 22119211 | Point: 0 | Date:  | ID: 20231105.164057.351

Name: 1 | DOB: unknown | Phone: 1 | Point: 0 | Date:  | ID: 20231105.164551.246

Name: 2 | DOB: unknown | Phone: 3 | Point: 0 | Date:  | ID: 20231105.164606.351

